50 50
200
33 23
7 32
11 43
23 31
34 11
40 13
18 31
41 44
38 26
5 27
2 7
19 33
10 35
3 42
38 19
34 2
27 33
5 9
16 23
1 18
12 24
29 30
36 40
37 39
36 13
6 22
5 4
37 3
42 23
12 36
29 43
30 11
42 30
13 10
28 41
43 34
14 7
35 42
9 27
12 10
30 22
3 13
27 14
34 45
33 7
32 15
9 19
17 23
2 21
7 0
12 27
7 1
34 36
38 0
28 6
6 6
28 13
34 7
34 39
43 8
39 34
8 26
33 13
17 18
19 10
17 23
16 25
28 32
30 3
43 20
32 36
40 40
36 10
32 8
36 22
40 5
2 21
40 4
45 40
5 8
7 6
14 41
33 36
35 37
34 14
39 12
11 35
27 44
32 34
6 25
38 11
10 16
9 16
17 11
10 4
30 30
24 25
34 43
5 16
16 23
7 3
15 26
33 0
26 27
17 27
28 31
37 34
21 45
39 12
25 15
37 8
44 41
35 37
5 36
39 22
6 16
30 3
13 42
33 22
26 15
35 40
5 38
14 1
25 1
19 4
45 5
13 20
42 43
5 6
40 7
1 17
25 8
19 11
24 27
19 35
34 13
41 18
43 22
40 30
30 40
25 24
37 1
22 4
35 27
25 23
23 42
27 37
29 42
0 43
41 24
7 43
34 2
13 23
7 24
26 6
19 7
29 41
2 10
5 36
17 15
11 15
21 6
20 2
16 5
22 0
28 18
31 22
8 7
10 45
38 3
3 29
34 1
28 21
28 45
30 18
19 0
8 23
8 18
0 14
39 21
14 41
31 4
40 39
4 36
31 0
4 37
34 45
10 40
33 36
37 20
29 2
18 8
28 31
15 35
31 3
39 18
10 35
37 29
13 22
24 17
16 10
29 7
41 39
35 40
23 4
12 17
36 34
12 24
44 25
18 25
18 32
25 5
36 12
36 33
23 41
18 2
0 41
41 43
23 38
17 16
27 3
27 35
0 14
43 25
12 45
37 19
19 19
34 13
8 34
23 26
43 16
42 28
23 26
26 27
3 24
25 29
27 5
25 40
33 22
0 30
42 11
28 4
17 32
27 13
22 4
10 19
43 15
36 25
39 7
22 0
12 7
31 15
27 16
17 36
21 40
17 8
33 20
30 17
17 38
40 27
28 22
27 39
5 5
9 38
0 18
29 28
5 21
22 17
10 0
35 24
43 0
39 3
18 26
2 45
13 5
10 33
45 5
21 15
12 10
8 18
26 9
35 20
0 36
22 5
29 44
38 1
25 9
19 29
24 39
4 30
3 15
15 41
18 6
39 12
41 9
36 9
14 7
33 30
44 13
23 12
39 23
11 15
27 23
35 29
1 19
45 30
26 18
33 27
29 10
11 38
39 13
14 25
21 1
26 31
31 27
20 29
36 1
6 24
42 18
1 38
17 2
12 9
38 15
24 32
39 15
43 13
10 29
35 17
6 27
43 38
45 9
14 16
39 1
17 28
25 7
1 37
13 43
22 16
25 9
24 39
11 8
27 9
22 45
37 44
14 20
27 24
34 16
27 44
39 15
3 40