65 65
200
43 46
55 30
12 22
32 19
18 55
27 50
54 27
4 0
24 31
21 63
4 25
15 26
13 9
51 53
57 12
40 58
59 37
39 36
54 0
56 12
48 12
20 14
35 41
54 48
32 61
15 3
23 10
39 6
18 25
48 44
3 10
3 60
28 25
0 60
55 0
0 32
36 22
34 2
19 51
26 48
8 22
42 7
57 29
33 59
54 25
25 25
32 36
1 37
37 42
34 12
21 38
47 63
47 30
13 52
45 56
1 62
0 21
60 22
31 25
33 10
50 22
45 42
47 46
32 62
8 6
33 6
61 18
13 59
17 52
16 55
24 53
25 0
15 25
7 26
47 30
41 62
31 61
25 8
21 63
20 42
1 51
15 35
39 9
11 23
60 36
15 15
18 18
39 58
58 28
32 31
24 60
9 59
2 48
56 26
49 49
22 40
30 59
47 54
15 27
59 20
13 24
4 12
21 18
17 17
36 9
39 6
4 42
26 20
39 47
46 63
11 16
35 51
18 60
41 38
8 14
40 17
47 59
7 12
54 41
51 17
30 30
37 39
41 47
39 57
46 35
8 31
22 50
46 63
15 38
9 15
58 5
47 54
6 48
38 11
1 0
16 19
14 17
10 57
10 39
55 56
37 26
6 40
43 36
12 34
3 18
1 42
20 10
32 55
42 44
0 36
4 26
63 32
63 1
21 6
58 29
51 39
8 19
43 5
35 54
47 41
28 58
59 16
0 18
37 50
26 28
1 63
28 59
19 22
46 33
14 1
5 31
51 2
24 7
2 39
56 35
28 12
6 41
10 24
18 15
12 31
60 9
24 56
40 17
56 20
39 27
17 43
61 21
55 30
10 32
53 38
22 60
36 63
25 56
25 57
32 35
32 57
16 23
51 36
16 37
28 54
18 38
49 2
7 63
11 11
59 28
56 51
58 20
13 20
6 12
43 47
56 25
20 54
10 13
6 5
22 52
52 43
61 60
40 63
31 30
39 55
43 59
0 17
28 36
3 24
34 46
42 58
42 25
39 47
46 17
13 53
13 44
59 22
15 12
52 26
36 49
47 26
14 3
54 35
27 0
55 5
57 52
50 5
9 21
48 15
46 40
49 24
19 44
49 49
23 24
21 4
14 55
28 19
43 43
23 22
38 50
3 38
1 7
17 29
22 29
12 8
52 37
55 16
41 10
50 18
18 40
27 50
22 57
7 50
38 20
60 56
62 22
44 55
29 30
44 33
58 10
56 47
52 32
50 37
24 49
6 8
4 31
50 33
7 12
61 21
17 24
54 4
24 50
13 24
20 6
17 54
40 48
5 60
59 42
54 29
42 49
15 39
51 55
31 17
48 45
62 20
12 36
36 26
3 54
52 3
43 34
5 11
38 5
50 8
7 33
33 27
32 16
58 32
8 58
6 59
33 42
0 35
18 56
5 8
4 60
15 31
4 42
14 53
26 45
22 59
30 25
1 41
24 20
27 42
38 45
25 45
44 38
42 15
47 13
17 52
46 47
28 23
47 12
15 47
51 23
17 4
44 12
14 49
26 40
24 14
21 42
15 55
54 38
9 22
14 42
39 62
44 44
15 25
23 42
13 24
11 49
57 58
27 0
4 59
10 39
8 16
55 6
28 60
59 53
18 25
8 3
56 23
10 61
32 18
0 0
16 45
52 8
25 58
52 53
23 41
63 43
59 35
21 6
11 17
63 13
16 35
27 1
63 62
51 10
26 52
53 60
31 15
58 13
15 30
22 24
8 49
44 20
11 16
45 10
1 19
63 6
5 14
12 4
52 20
45 35
51 25
45 54
6 59
45 54
17 63
40 5
6 49
36 25
19 45
50 4
20 58
4 11
61 8
30 11
0 37
16 4
49 49
17 22
37 57
6 57
0 36
16 18
48 21
39 37
23 22
17 26
31 35
57 43
32 36
56 47
1 32
8 23
22 32
35 25
14 37
38 41
41 25
19 58
53 1
2 16
24 18
45 3
38 62
23 42
38 18
59 15
2 52
35 34
60 39
5 20
32 9
9 62
60 2
33 59
10 44
5 22
23 19
50 47
12 26
49 59
27 43
40 21
15 2
57 61
26 62
5 57
54 28
9 11
32 19
8 38
20 55
10 59
14 38
8 43
56 57
17 2
37 15
29 25
51 49
58 16
27 32
11 49
21 43
63 25
31 14
61 3
2 2
10 7
31 13
37 0
58 24
40 24
57 19
29 24
51 19
62 4
32 50
12 56
14 19
22 44
61 17
13 24
14 4
57 4
50 53
32 14
6 53
60 3
39 12
22 57
38 1
36 58
46 25
45 41
59 34
57 60
61 30
52 53
35 25
2 24
62 10
10 55
0 54
15 29
3 53
57 57
9 58
17 10
55 38
33 34
43 46
0 29
29 25
19 36
3 19
2 38
1 49
30 24
53 47
11 31
52 50
40 18
26 54
3 22
33 20
60 46
56 61
33 55
61 1
12 5
59 0
54 0
42 58
26 2
0 48
45 24
35 25
23 23
47 3
12 0
43 38
16 4
62 33
10 63
16 40
46 50
37 16
63 34
55 52
31 6
54 18
20 4
8 12
10 55
45 45
32 42
43 49
51 12
24 11
0 47
44 31
62 23
48 59
50 33
7 27
60 5
33 23
28 26
8 18
19 36
31 0
10 41
34 32
4 32
22 0
60 19
19 40
19 27
39 38
30 41
54 44
21 55
33 35
26 13
40 34
34 14
16 2
25 63
52 33
28 33
49 21
12 59
41 25
17 46
42 54
57 33
31 35
15 4
44 0
1 31
6 31
38 19
42 56
50 44
16 15
12 37
25 13
40 3
30 54
23 40
32 21
14 28
11 29
24 21
4 44
7 52
63 43
3 35
48 12
54 0
19 51
48 30
2 57
57 2
20 14
19 38
22 5
24 41
47 59
55 40
44 43