30 30
200
5 11
6 16
9 15
12 5
23 3
2 25
25 6
1 7
8 23
12 25
5 12
1 1
4 20
7 12
9 15
22 13
8 3
23 16
16 1
8 18
0 18
8 11
0 13
13 15
10 4
22 8
15 22
14 5
15 8
22 6
11 21
3 10
19 5
19 2
2 23
4 16
7 3
11 0
6 22
13 1
3 7
24 7
1 23
17 23
6 4
4 10
13 25
21 9
9 15
13 10
5 16
17 11
1 3
21 0
14 19
10 7
12 11
2 24
19 17
19 16
6 25
5 24
14 18
9 18
16 10
0 19
13 4
2 19
4 7
8 8
24 21
14 5
17 18
15 16
23 10
25 0
12 12
22 13
2 1
12 8
3 21
20 11
21 24
8 25
8 6
23 17
20 5
4 25
25 13
4 15
4 1
23 8
1 15
2 12
7 7
4 16
5 19
14 20
9 25
16 7
11 23
22 24
7 2
16 6
15 23
23 23
11 21
12 2
18 5
3 3
13 6
4 15
0 19
1 3
1 9
5 5
0 7
24 0
22 20
6 4
23 11
15 11
17 22
11 11
21 2
12 9
2 2
5 19
1 15
19 17
20 3
25 0
18 18
15 6
4 5
1 0
1 3
18 17
24 8
8 10
10 25
22 20
24 9
9 24
5 17
8 2
2 23
12 1
25 17
5 5
8 25
14 12
3 9
13 5
6 9
14 11
24 8
6 2
10 15
5 22
2 13
13 19
6 4
23 21
15 6
13 19
18 13
12 0
3 15
22 19
19 24
16 16
3 6
20 5
19 13
22 1
4 3
20 14
1 12
19 20
18 20
17 13
19 7
8 14
18 17
17 19
22 0
4 17
13 14
22 17
10 14
5 18
7 17
10 4
24 5
2 24
9 0
19 19
20 15
0 5
6 24
10 22
10 25
0 8
2 1
9 11
12 10
9 5
20 6
12 16
6 0
21 19
7 18
6 8
8 17
12 8
5 0
7 2
9 18
9 9
16 1
13 8
24 2
1 7
9 13
11 20
15 19
13 11
7 23
11 25
6 23
19 15
12 11
21 4
12 4
12 5
10 10
13 19
3 11
3 19
20 6
4 8
1 3
0 23
11 10
5 3
23 25
19 10
14 11
18 12
0 12
25 16
3 25
13 22
24 4
6 20
11 0
20 19
10 23
20 1
25 17
14 14
5 0
17 13
22 25
14 3
4 6
22 7
25 22
11 0
16 1
20 25
21 24
0 16
5 8
19 3
22 12
1 13
11 4
19 19
0 2
0 9
18 20
10 24
2 25
19 0
21 12
13 8
0 10
21 17
6 8
22 7
21 9
0 10
18 6
15 25
25 16
5 0
2 12
18 19
6 0
16 13
10 1
21 7
9 7
22 14
25 10
6 12
22 15
23 3
15 0
12 0
16 8
17 12
22 0
16 24
14 0
10 10
0 6
21 2
5 14
2 1
5 0
19 20
15 3
1 24
20 15
20 6
15 6
11 6
16 2
23 13
2 2
15 1
0 0
21 18
1 1
1 25
21 10
4 18
18 1
10 0
22 0
20 21
10 15
9 11
14 2
25 14
19 23
13 12