75 75
200
55 15
11 13
70 32
43 10
56 50
24 53
62 27
66 8
6 45
47 13
37 4
51 31
63 27
43 11
64 24
13 39
71 0
67 59
50 58
63 45
43 23
36 40
71 61
3 42
36 58
0 1
67 52
51 28
23 70
11 44
32 62
29 7
22 71
2 20
43 32
4 31
7 39
41 39
49 17
70 23
63 39
48 46
31 28
72 59
20 19
63 23
0 37
37 40
19 70
28 9
20 66
44 69
66 72
45 73
65 48
64 14
21 32
31 51
1 14
48 28
21 28
67 6
53 16
71 46
10 17
14 62
15 12
4 44
49 47
1 69
61 70
9 36
26 0
66 59
14 8
4 49
6 23
2 8
59 51
52 19
57 65
71 46
11 33
65 69
67 8
10 33
56 54
40 38
6 12
40 0
18 5
46 48
62 16
32 49
16 38
45 60
51 46
50 70
73 58
70 20
34 59
27 48
51 46
28 28
8 48
1 48
2 32
14 35
41 49
63 20
10 10
8 10
31 15
43 11
53 36
3 20
24 30
25 62
15 30
24 19
41 51
36 30
72 11
66 22
73 27
39 19
2 38
55 13
70 44
57 3
59 12
17 7
33 57
57 43
45 55
15 68
31 53
43 39
63 17
23 17
23 32
50 28
8 15
10 0
37 50
43 22
9 59
71 5
66 72
8 52
28 54
34 62
23 8
29 71
45 7
30 9
18 61
63 43
63 41
1 32
58 12
25 1
34 20
28 5
22 25
0 40
1 45
6 40
11 43
20 5
5 60
56 5
71 39
36 37
67 15
47 18
9 49
0 65
48 73
55 59
19 35
27 70
38 33
21 27
30 17
34 4
2 36
22 7
26 0
55 0
9 9
5 12
29 23
61 73
28 46
71 17
10 7
37 10
40 67
46 37
46 26
43 69
9 40
32 58
20 3
22 5
49 40
54 60
13 22
55 19
46 26
38 66
69 34
63 49
27 6
58 34
28 39
26 11
53 73
2 26
33 14
51 13
52 47
70 60
39 26
45 35
55 9
53 63
56 63
11 47
42 45
23 14
12 16
39 16
50 30
37 72
60 67
14 13
45 67
35 52
50 0
9 41
33 4
13 29
43 70
44 72
47 67
52 55
16 59
61 46
25 37
19 1
23 66
28 1
47 19
55 18
46 70
32 47
50 47
3 55
33 54
62 47
8 14
18 33
35 29
39 49
39 48
54 32
14 3
72 52
34 22
63 73
24 41
37 48
44 56
51 53
55 7
39 20
39 64
55 4
20 58
18 41
49 58
11 54
38 55
68 35
63 60
66 14
73 55
50 21
8 17
26 2
0 73
22 41
3 53
14 39
23 18
59 59
3 18
34 37
16 40
19 22
65 40
63 60
55 13
45 2
55 35
54 12
56 36
27 47
28 11
63 62
7 61
45 23
47 7
6 46
46 62
53 34
10 53
4 46
22 11
29 33
68 9
43 29
39 29
0 8
67 30
17 15
71 53
37 16
10 59
14 71
59 0
7 37
65 21
9 71
10 20
19 35
37 70
18 56
44 39
68 67
10 55
34 58
54 39
38 73
16 8
3 61
7 14
0 45
30 18
61 31
63 51
31 3
34 62
52 69
48 35
15 43
42 2
33 14
33 55
71 45
24 0
41 15
65 60
21 37
64 51
50 47
15 65
7 24
48 0
28 12
43 2
11 36
46 47
60 31
51 15
16 57
11 35
22 43
68 42
9 61
66 19
5 72
11 59
11 50
9 36
46 73
5 73
1 51
50 60
1 66
54 58
36 0
22 66
50 29
23 57
35 17
62 8
67 45
65 20
31 66
1 3
8 23
56 7
51 68
54 17
17 23
37 46
16 3
11 37
60 28
61 21
43 23
40 26
3 67
65 9
68 40
60 12
37 54
63 67
29 36
2 7
40 69
53 18
57 30
54 7
63 62
43 13
63 31
70 25
4 53
73 72
59 19
69 34
38 39
29 73
30 29
13 68
47 57
51 6
66 28
51 30
2 13
73 45
46 56
58 18
23 3
69 22
25 15
49 53
28 71
41 56
26 45
62 37
1 43
22 10
41 7
9 17
45 41
47 6
46 24
50 73
28 31
0 43
23 26
34 68
60 39
35 19
72 45
63 4
65 12
9 54
47 45
13 73
42 38
9 47
44 42
8 1
6 16
23 49
13 8
12 0
17 54
37 66
64 50
55 9
50 8
45 35
6 43
58 37
21 60
26 49
44 64
2 57
54 53
48 0
20 37
64 27
62 51
23 69
27 42
8 41
68 66
11 8
61 39
72 17
73 17
27 17
61 12
5 39
21 20
47 13
42 11
56 65
32 38
38 37
1 13
42 61
67 61
70 24
35 45
15 52
39 15
70 61
5 66
51 56
55 58
64 22
1 55
17 70
70 34
44 63
6 17
47 69
44 24
61 1
40 63
20 17
66 11
54 0
42 13
64 52
29 35
50 12
60 12
71 61
51 6
36 36
6 27
40 59
29 11
45 64
16 34
33 21
44 70
69 34
59 32
27 44
57 14
13 61
43 33
56 60
41 55
59 41
61 3
11 28
56 62
40 46
72 24
27 56
71 48
25 9
53 12
21 45
3 56
40 62
70 12
14 65
45 36
51 73
67 4
44 55
63 20
23 17
20 9
23 64
63 52
20 35
1 21
12 55
39 61
64 63
9 53
30 56
40 8
54 4
58 50
47 19
18 41
16 29
11 51
62 20
42 70
50 11
55 43
64 58
24 19
12 67
59 44
70 0
20 44
18 72
35 53
3 63
22 61
11 45
25 39
39 42
9 66
43 9
28 71
69 68
51 43
20 69
36 21
66 72
19 51
50 50
10 69
9 0
16 6
27 15
34 17
15 39
7 17
9 41
23 14
35 11
70 61
40 54
47 37
68 27
14 72
62 13
48 51
12 31
30 39
69 17
46 36
35 42
6 34
34 27
30 42
5 48
49 16
41 6
19 58
73 58
70 46
73 72
60 60
66 33
71 27
45 59
63 39
26 9
45 30
38 68
4 24
29 21
21 66
39 70
72 34
21 71
69 49
28 8
3 32
6 25
64 45
53 1
27 12
13 63
38 40
35 7
54 57
35 11
17 51
60 25
27 5
24 38
69 30
49 27
62 10
53 59
66 6
11 35
37 18
29 18
70 18
43 0
72 27
38 46
22 15
28 44
63 0
15 53
58 54
69 9
73 33
71 24
12 19
73 2
55 1
47 64
30 17
73 20
57 53
47 41
6 60
39 72
61 29
26 38
29 59
51 23
32 23
58 43
20 1
58 20
9 31
9 4
54 36
61 30
28 28
68 25
59 49
16 39
15 23
53 63
73 62
28 61
57 29
67 4
2 4
49 16
51 3
55 48
71 46
29 7
7 26